n=4
count=185
#1
1 2
1 3
1 4
#2
1 2
1 3
1 4
2 1
#3
1 2
1 4
2 3
#4
1 2
1 3
1 4
2 3
#5
1 2
1 4
2 1
2 3
#6
1 2
1 3
1 4
2 1
2 3
#7
1 2
2 3
2 4
#8
1 2
1 3
2 3
2 4
#9
1 2
1 3
1 4
2 3
2 4
#10
1 2
1 3
1 4
2 1
2 3
2 4
#11
1 2
1 3
1 4
2 1
3 1
#12
1 2
1 4
2 3
3 1
#13
1 2
1 3
1 4
2 3
3 1
#14
1 2
1 4
2 1
2 3
3 1
#15
1 2
1 3
1 4
2 1
2 3
3 1
#16
1 2
1 3
2 4
3 1
#17
1 2
1 3
1 4
2 4
3 1
#18
1 2
1 3
2 1
2 4
3 1
#19
1 2
1 3
1 4
2 1
2 4
3 1
#20
1 2
1 3
2 3
2 4
3 1
#21
1 2
1 4
2 3
2 4
3 1
#22
1 2
1 3
1 4
2 3
2 4
3 1
#23
1 2
1 3
2 1
2 3
2 4
3 1
#24
1 2
1 4
2 1
2 3
2 4
3 1
#25
1 2
1 3
1 4
2 1
2 3
2 4
3 1
#26
1 2
1 4
2 3
3 2
#27
1 2
1 3
1 4
2 3
3 2
#28
1 3
2 4
3 2
#29
1 2
1 3
2 4
3 2
#30
1 3
1 4
2 4
3 2
#31
1 2
1 3
1 4
2 4
3 2
#32
1 2
2 3
2 4
3 2
#33
1 3
2 3
2 4
3 2
#34
1 2
1 3
2 3
2 4
3 2
#35
1 2
1 4
2 3
2 4
3 2
#36
1 3
1 4
2 3
2 4
3 2
#37
1 2
1 3
1 4
2 3
2 4
3 2
#38
1 2
1 4
2 1
2 3
3 1
3 2
#39
1 2
1 3
1 4
2 1
2 3
3 1
3 2
#40
1 2
1 3
2 4
3 1
3 2
#41
1 3
1 4
2 4
3 1
3 2
#42
1 2
1 3
1 4
2 4
3 1
3 2
#43
1 3
1 4
2 1
2 4
3 1
3 2
#44
1 2
1 3
1 4
2 1
2 4
3 1
3 2
#45
1 3
1 4
2 3
2 4
3 1
3 2
#46
1 2
1 3
1 4
2 3
2 4
3 1
3 2
#47
1 2
1 3
1 4
2 1
2 3
2 4
3 1
3 2
#48
1 2
1 3
2 4
3 4
#49
1 2
1 3
1 4
2 4
3 4
#50
1 2
1 3
1 4
2 1
2 4
3 4
#51
1 2
2 3
2 4
3 4
#52
1 2
1 3
2 3
2 4
3 4
#53
1 2
1 4
2 3
2 4
3 4
#54
1 2
1 3
1 4
2 3
2 4
3 4
#55
1 2
1 3
1 4
2 1
2 3
2 4
3 4
#56
1 2
1 3
1 4
2 1
2 4
3 1
3 4
#57
1 2
1 4
2 3
2 4
3 1
3 4
#58
1 2
1 3
1 4
2 3
2 4
3 1
3 4
#59
1 2
1 3
1 4
2 1
2 3
2 4
3 1
3 4
#60
1 2
2 3
2 4
3 2
3 4
#61
1 2
1 3
2 3
2 4
3 2
3 4
#62
1 2
1 4
2 3
2 4
3 2
3 4
#63
1 2
1 3
1 4
2 3
2 4
3 2
3 4
#64
1 2
1 3
1 4
2 1
2 3
2 4
3 1
3 2
3 4
#65
1 2
1 3
1 4
2 1
3 1
4 1
#66
1 2
1 4
2 3
3 1
4 1
#67
1 2
1 3
1 4
2 3
3 1
4 1
#68
1 2
1 4
2 1
2 3
3 1
4 1
#69
1 2
1 3
1 4
2 1
2 3
3 1
4 1
#70
1 2
2 3
2 4
3 1
4 1
#71
1 2
1 3
2 3
2 4
3 1
4 1
#72
1 2
1 3
1 4
2 3
2 4
3 1
4 1
#73
1 2
2 1
2 3
2 4
3 1
4 1
#74
1 2
1 3
2 1
2 3
2 4
3 1
4 1
#75
1 2
1 3
1 4
2 1
2 3
2 4
3 1
4 1
#76
1 2
1 4
2 3
3 2
4 1
#77
1 2
1 3
1 4
2 3
3 2
4 1
#78
1 2
1 4
2 1
2 3
3 2
4 1
#79
1 3
1 4
2 1
2 3
3 2
4 1
#80
1 2
1 3
1 4
2 1
2 3
3 2
4 1
#81
1 3
2 4
3 2
4 1
#82
1 2
1 3
2 4
3 2
4 1
#83
1 3
1 4
2 4
3 2
4 1
#84
1 2
1 3
1 4
2 4
3 2
4 1
#85
1 2
1 3
2 1
2 4
3 2
4 1
#86
1 3
1 4
2 1
2 4
3 2
4 1
#87
1 2
1 3
1 4
2 1
2 4
3 2
4 1
#88
1 3
1 4
2 3
2 4
3 2
4 1
#89
1 2
1 3
1 4
2 3
2 4
3 2
4 1
#90
1 2
1 3
1 4
2 1
2 3
2 4
3 2
4 1
#91
1 2
1 4
2 1
2 3
3 1
3 2
4 1
#92
1 2
1 3
1 4
2 1
2 3
3 1
3 2
4 1
#93
1 2
1 3
2 4
3 1
3 2
4 1
#94
1 3
1 4
2 4
3 1
3 2
4 1
#95
1 2
1 3
1 4
2 4
3 1
3 2
4 1
#96
1 3
2 1
2 4
3 1
3 2
4 1
#97
1 2
1 3
2 1
2 4
3 1
3 2
4 1
#98
1 3
1 4
2 1
2 4
3 1
3 2
4 1
#99
1 2
1 3
1 4
2 1
2 4
3 1
3 2
4 1
#100
1 2
2 3
2 4
3 1
3 2
4 1
#101
1 2
1 3
2 3
2 4
3 1
3 2
4 1
#102
1 2
1 4
2 3
2 4
3 1
3 2
4 1
#103
1 3
1 4
2 3
2 4
3 1
3 2
4 1
#104
1 2
1 3
1 4
2 3
2 4
3 1
3 2
4 1
#105
1 2
2 1
2 3
2 4
3 1
3 2
4 1
#106
1 3
2 1
2 3
2 4
3 1
3 2
4 1
#107
1 2
1 3
2 1
2 3
2 4
3 1
3 2
4 1
#108
1 2
1 4
2 1
2 3
2 4
3 1
3 2
4 1
#109
1 3
1 4
2 1
2 3
2 4
3 1
3 2
4 1
#110
1 2
1 3
1 4
2 1
2 3
2 4
3 1
3 2
4 1
#111
1 2
1 3
2 3
2 4
3 4
4 1
#112
1 2
1 3
1 4
2 3
2 4
3 4
4 1
#113
1 2
1 3
2 1
2 3
2 4
3 4
4 1
#114
1 2
1 3
1 4
2 1
2 3
2 4
3 4
4 1
#115
1 2
1 3
2 1
2 4
3 1
3 4
4 1
#116
1 2
1 3
1 4
2 1
2 4
3 1
3 4
4 1
#117
1 2
1 3
2 3
2 4
3 1
3 4
4 1
#118
1 2
1 4
2 3
2 4
3 1
3 4
4 1
#119
1 2
1 3
1 4
2 3
2 4
3 1
3 4
4 1
#120
1 2
1 3
2 1
2 3
2 4
3 1
3 4
4 1
#121
1 2
1 4
2 1
2 3
2 4
3 1
3 4
4 1
#122
1 2
1 3
1 4
2 1
2 3
2 4
3 1
3 4
4 1
#123
1 2
1 3
2 3
2 4
3 2
3 4
4 1
#124
1 2
1 4
2 3
2 4
3 2
3 4
4 1
#125
1 2
1 3
1 4
2 3
2 4
3 2
3 4
4 1
#126
1 2
1 3
2 1
2 3
2 4
3 2
3 4
4 1
#127
1 2
1 4
2 1
2 3
2 4
3 2
3 4
4 1
#128
1 3
1 4
2 1
2 3
2 4
3 2
3 4
4 1
#129
1 2
1 3
1 4
2 1
2 3
2 4
3 2
3 4
4 1
#130
1 2
1 3
2 1
2 3
2 4
3 1
3 2
3 4
4 1
#131
1 2
1 4
2 1
2 3
2 4
3 1
3 2
3 4
4 1
#132
1 2
1 3
1 4
2 1
2 3
2 4
3 1
3 2
3 4
4 1
#133
1 4
2 3
3 2
4 2
#134
1 2
1 4
2 3
3 2
4 2
#135
1 3
1 4
2 3
3 2
4 2
#136
1 2
1 3
1 4
2 3
3 2
4 2
#137
1 2
2 3
2 4
3 2
4 2
#138
1 3
2 3
2 4
3 2
4 2
#139
1 2
1 3
2 3
2 4
3 2
4 2
#140
1 3
1 4
2 3
2 4
3 2
4 2
#141
1 2
1 3
1 4
2 3
2 4
3 2
4 2
#142
1 2
1 3
2 4
3 1
3 2
4 2
#143
1 3
1 4
2 4
3 1
3 2
4 2
#144
1 2
1 3
1 4
2 4
3 1
3 2
4 2
#145
1 2
2 3
3 4
4 2
#146
1 2
1 3
2 3
3 4
4 2
#147
1 2
1 3
1 4
2 3
3 4
4 2
#148
1 2
2 3
2 4
3 4
4 2
#149
1 3
2 3
2 4
3 4
4 2
#150
1 2
1 3
2 3
2 4
3 4
4 2
#151
1 4
2 3
2 4
3 4
4 2
#152
1 2
1 4
2 3
2 4
3 4
4 2
#153
1 3
1 4
2 3
2 4
3 4
4 2
#154
1 2
1 3
1 4
2 3
2 4
3 4
4 2
#155
1 3
2 4
3 2
3 4
4 2
#156
1 2
1 3
2 4
3 2
3 4
4 2
#157
1 2
1 3
1 4
2 4
3 2
3 4
4 2
#158
1 2
2 3
2 4
3 2
3 4
4 2
#159
1 3
2 3
2 4
3 2
3 4
4 2
#160
1 2
1 3
2 3
2 4
3 2
3 4
4 2
#161
1 4
2 3
2 4
3 2
3 4
4 2
#162
1 2
1 4
2 3
2 4
3 2
3 4
4 2
#163
1 3
1 4
2 3
2 4
3 2
3 4
4 2
#164
1 2
1 3
1 4
2 3
2 4
3 2
3 4
4 2
#165
1 2
1 3
1 4
2 4
3 1
3 2
3 4
4 2
#166
1 2
1 4
2 1
2 3
3 1
3 2
4 1
4 2
#167
1 3
1 4
2 1
2 3
3 1
3 2
4 1
4 2
#168
1 2
1 3
1 4
2 1
2 3
3 1
3 2
4 1
4 2
#169
1 3
1 4
2 3
2 4
3 1
3 2
4 1
4 2
#170
1 2
1 3
1 4
2 3
2 4
3 1
3 2
4 1
4 2
#171
1 2
1 3
1 4
2 1
2 3
2 4
3 1
3 2
4 1
4 2
#172
1 2
1 3
2 1
2 3
3 1
3 4
4 1
4 2
#173
1 2
1 3
1 4
2 1
2 3
3 1
3 4
4 1
4 2
#174
1 2
1 3
2 3
2 4
3 1
3 4
4 1
4 2
#175
1 2
1 3
1 4
2 3
2 4
3 1
3 4
4 1
4 2
#176
1 2
1 4
2 1
2 3
2 4
3 1
3 4
4 1
4 2
#177
1 3
1 4
2 1
2 3
2 4
3 1
3 4
4 1
4 2
#178
1 2
1 3
1 4
2 1
2 3
2 4
3 1
3 4
4 1
4 2
#179
1 2
1 3
1 4
2 1
2 4
3 1
3 2
3 4
4 1
4 2
#180
1 2
1 3
1 4
2 3
2 4
3 1
3 2
3 4
4 1
4 2
#181
1 2
1 3
1 4
2 1
2 3
2 4
3 1
3 2
3 4
4 1
4 2
#182
1 2
2 3
2 4
3 2
3 4
4 2
4 3
#183
1 2
1 3
2 3
2 4
3 2
3 4
4 2
4 3
#184
1 2
1 3
1 4
2 3
2 4
3 2
3 4
4 2
4 3
#185
1 2
1 3
1 4
2 1
2 3
2 4
3 1
3 2
3 4
4 1
4 2
4 3
